CkptIndex=1:    TrainLoss=1.3702655788777245    LR=1e-05    Time=2106.980710506439
CkptIndex=2:    TrainLoss=1.0533101418127793    LR=1e-05    Time=2062.7590963840485
